1	0	0	0	0	0	0	0	0	0	0	0	0	0	0	0	0	1	0	0	0	0	0	0	0	0	0	0	0	0	0	0	0	0	0	0	0	1	0	0	0	0	0	0	0	0	0	0	0	0	0	0	0	0	0	0	0	0	0	0	0	0	0	0	0	0	0	0	0	0	0	0	0	0	0	0	0	0	0	0	0	0	1	0	0	0	0	0	0	0	0	0	0	0	0	0	0	0	2	0	0	0	0	0	0	0	1	0	0	0	0	0
17	0	0	0	0	18	0	0	0	0	0	16	0	0	0	0	0	12	0	0	0	0	17	0	0	0	0	0	0	0	0	0	0	0	0	0	0	21	0	0	0	0	0	0	0	0	0	0	0	0	0	0	16	0	0	0	0	0	0	0	0	0	0	0	0	0	0	11	0	0	0	0	0	0	0	0	0	0	0	0	0	0	16	0	0	0	0	0	0	0	0	0	0	0	0	0	0	14	14	0	0	0	12	0	0	0	17	0	0	0	0	0
33	0	0	5	3	27	1	0	0	0	0	33	0	0	0	0	0	30	0	0	0	0	28	0	4	0	0	0	0	0	0	0	0	0	0	1	0	31	0	3	0	0	0	0	0	0	0	0	0	0	1	0	15	0	7	0	0	0	0	0	0	0	0	0	0	0	0	21	0	0	0	0	0	0	0	0	0	0	0	0	0	0	34	0	0	0	0	1	0	0	0	2	0	0	0	3	0	29	19	4	0	0	22	1	0	0	33	1	0	0	0	0
43	0	4	13	9	26	10	0	0	0	5	36	8	0	0	0	16	25	4	0	0	0	25	0	17	0	1	0	0	0	0	0	0	3	0	9	0	24	0	16	0	0	0	0	0	0	0	0	0	0	1	0	36	0	2	2	3	0	0	0	0	0	0	0	0	4	0	28	0	7	0	0	1	0	0	0	0	0	0	0	0	0	43	0	0	0	0	13	0	0	0	1	0	0	0	10	0	46	26	3	0	3	45	1	0	0	29	8	0	0	0	0
56	0	2	8	9	46	15	0	0	0	3	52	8	0	0	0	16	38	2	0	1	2	21	0	25	1	3	0	0	1	1	0	0	0	0	9	0	38	0	16	2	1	0	0	0	0	1	0	0	0	0	1	50	0	0	2	2	0	1	0	0	0	0	0	0	7	0	34	0	15	0	2	1	0	0	0	2	0	0	1	8	0	31	0	23	0	0	24	0	0	0	19	1	0	0	24	0	69	26	7	0	3	31	11	0	0	25	9	2	1	0	0
70	0	0	8	17	29	30	0	0	0	6	49	15	0	5	3	0	57	0	0	0	3	36	0	26	13	7	0	0	0	0	1	1	8	1	9	0	52	0	16	2	0	0	0	1	0	2	0	0	0	8	0	33	4	19	2	1	0	0	0	1	0	0	0	0	7	0	47	7	15	0	1	1	1	0	0	9	0	0	1	2	2	46	1	20	1	3	12	5	0	0	19	1	0	0	22	5	78	30	11	0	0	51	12	1	1	42	9	1	0	0	0
87	4	0	8	23	26	17	0	9	13	19	38	20	3	4	8	1	74	1	3	0	2	25	1	42	9	1	2	3	0	0	1	1	9	4	0	5	75	7	0	5	13	0	0	1	0	0	0	4	0	19	0	23	6	32	2	1	2	0	0	1	1	0	0	0	2	0	61	4	2	7	9	12	1	0	0	13	1	0	1	1	0	58	0	20	0	3	0	8	1	1	0	7	0	1	30	3	90	28	8	3	8	66	12	1	0	56	10	1	0	0	0
94	0	4	8	13	27	9	0	10	19	10	42	20	4	3	17	20	64	9	4	13	3	39	9	13	6	24	0	4	9	4	1	1	19	11	14	3	56	8	18	1	13	0	0	0	0	0	0	9	4	9	5	19	6	19	11	13	9	1	1	0	3	1	3	1	4	1	74	17	2	5	9	9	2	0	0	3	6	2	1	0	1	67	0	0	4	16	20	2	0	8	0	7	2	1	13	9	74	40	28	3	9	76	12	1	0	42	8	5	4	0	0
114	1	1	8	19	30	17	0	3	19	9	31	19	4	6	30	43	53	13	4	11	3	53	10	1	8	36	0	4	14	7	0	1	19	5	18	6	75	0	18	2	16	0	0	0	0	6	0	5	4	4	4	36	0	22	10	17	5	2	0	0	7	0	1	1	8	0	81	13	4	8	9	1	7	0	1	1	4	0	4	8	1	49	1	25	5	17	39	3	0	4	22	4	5	4	28	3	88	29	27	5	17	65	19	0	0	27	14	4	5	0	1
127	2	0	0	2	43	15	1	5	5	16	47	16	4	8	39	64	43	10	0	2	8	44	12	21	1	35	3	0	2	4	0	6	30	6	18	6	95	1	2	6	28	0	0	8	5	5	2	9	7	6	1	33	1	16	11	23	5	11	0	0	8	0	0	0	14	0	92	0	9	1	0	1	15	0	1	19	0	1	5	17	0	37	0	36	0	22	19	6	0	0	30	8	11	5	38	2	77	39	25	9	18	77	9	5	10	41	14	3	8	0	0
108	13	5	25	2	64	15	0	5	5	5	61	17	0	6	17	47	56	12	2	2	5	58	5	27	21	46	1	2	9	6	6	2	31	9	7	9	76	1	26	2	13	5	10	9	3	8	5	0	1	7	3	53	1	17	16	27	5	9	2	3	0	3	4	1	14	0	100	22	1	3	7	0	4	3	10	26	3	2	3	25	1	25	4	28	14	34	0	6	3	4	46	4	7	7	22	10	89	21	38	4	22	63	15	6	14	56	16	0	2	0	2
129	10	5	25	0	78	2	1	7	13	16	47	15	8	6	28	65	44	14	23	3	7	46	11	26	22	33	2	23	10	2	9	6	2	10	3	7	93	0	26	21	23	1	6	12	2	15	7	2	4	8	2	35	2	22	17	15	17	21	4	8	0	3	1	1	17	0	112	20	4	7	1	20	5	4	13	20	7	2	1	28	3	25	5	24	13	16	19	22	3	5	39	8	8	3	33	13	100	25	14	6	42	45	20	4	17	41	25	4	4	0	1
142	2	7	28	17	61	17	2	7	8	7	61	15	10	3	33	82	25	15	24	6	8	36	12	36	3	39	9	24	16	4	9	3	3	13	0	1	110	13	0	16	45	0	2	2	5	10	11	15	8	14	1	23	19	39	2	18	7	22	14	11	4	3	7	3	7	4	98	34	25	3	2	16	2	6	4	25	17	11	6	4	10	40	0	25	6	5	27	21	6	6	57	13	10	6	21	14	118	19	5	8	51	29	14	6	12	58	31	6	4	0	3
166	5	2	28	24	49	26	3	2	5	13	75	3	19	3	23	61	33	25	20	31	10	23	13	60	27	15	10	20	25	15	19	6	3	2	8	8	91	17	23	19	16	4	22	1	1	16	14	18	2	19	6	28	15	14	7	36	17	23	5	2	4	6	7	6	8	6	80	46	39	4	1	16	3	12	7	3	12	14	18	0	8	60	1	2	11	18	49	5	10	19	66	14	2	6	19	11	136	19	9	7	26	44	23	2	21	47	6	10	26	0	1
149	9	8	52	41	29	21	10	13	16	17	72	16	24	3	9	46	44	31	21	31	6	22	28	71	42	24	2	21	4	16	12	7	5	4	10	6	82	22	30	3	9	8	32	17	7	25	1	22	11	10	5	39	0	6	10	23	16	38	1	2	9	6	13	11	26	2	93	17	49	8	4	3	10	3	10	25	4	3	24	8	4	43	1	24	11	22	45	10	9	11	89	8	3	12	29	5	117	29	26	7	31	30	30	7	24	30	13	11	23	0	5
143	9	15	33	10	56	37	16	14	26	23	74	23	29	5	3	54	61	31	18	8	3	21	31	54	19	26	19	18	11	28	2	11	30	6	23	4	100	4	22	2	13	8	11	22	31	12	4	40	20	7	1	53	5	3	11	5	18	25	7	21	7	8	15	3	38	7	105	17	26	11	19	4	12	4	0	31	9	3	8	18	15	34	1	37	12	8	54	18	10	6	104	18	6	15	13	6	111	40	39	1	37	31	9	5	21	42	19	9	27	0	2
118	17	19	30	10	71	48	17	9	12	28	93	43	6	23	8	54	81	32	19	2	3	36	5	36	11	39	26	19	2	29	0	2	32	14	14	9	78	18	32	5	28	12	11	29	35	2	7	52	9	15	12	32	5	26	12	3	37	13	8	35	1	5	16	8	18	12	122	17	2	19	31	30	4	8	8	28	12	1	6	18	15	47	0	37	14	9	26	17	14	10	79	14	3	10	39	15	126	28	42	3	8	45	25	3	21	56	14	6	32	0	0
124	12	12	23	0	85	30	17	13	25	1	113	48	10	17	4	38	98	34	37	6	1	50	4	36	21	21	35	37	18	40	8	2	38	18	11	10	73	28	41	5	36	1	14	3	3	3	24	24	7	23	13	19	6	44	19	11	46	15	29	40	10	6	4	9	10	16	136	14	9	29	35	25	4	9	8	21	17	11	3	27	8	32	10	24	7	26	50	7	16	11	97	9	3	19	24	11	140	27	49	2	9	32	30	2	23	44	24	9	10	0	18
129	9	10	4	0	95	31	25	9	37	3	124	22	15	12	23	60	87	43	32	16	6	35	17	35	26	18	36	32	25	23	19	22	10	19	17	2	90	8	50	22	12	11	23	5	10	20	17	28	12	6	7	24	23	29	25	34	19	15	22	19	33	27	5	1	19	7	117	16	30	10	35	19	3	16	3	23	6	12	16	12	8	26	10	30	9	25	69	6	17	16	87	17	14	14	36	17	159	25	54	2	10	26	10	11	39	32	16	4	22	0	16
128	13	11	20	0	114	31	11	17	21	6	141	37	26	19	12	44	104	18	37	20	23	43	13	39	39	31	11	36	28	25	10	17	11	8	26	15	78	8	34	35	33	16	20	6	14	24	1	5	25	3	4	32	25	35	24	24	19	15	23	12	42	24	1	10	23	3	132	4	40	12	10	27	17	19	2	29	8	14	18	15	8	30	10	42	8	3	79	21	18	16	75	13	16	17	43	16	178	22	31	10	24	39	6	8	23	47	28	9	23	0	0
128	26	13	33	0	127	36	10	19	25	6	139	49	25	11	14	24	91	31	38	15	16	33	22	53	36	39	17	38	2	27	9	18	0	8	13	17	95	13	37	18	35	26	24	19	22	16	7	26	15	17	10	46	6	15	31	47	21	20	3	16	24	34	17	21	6	8	144	15	40	2	10	9	27	12	12	16	7	8	11	21	12	28	17	53	12	6	72	36	32	4	102	24	7	21	26	16	196	31	34	19	27	30	6	4	24	32	17	7	16	0	18
144	9	16	16	0	148	29	13	10	30	12	152	47	37	15	20	34	80	13	26	12	17	51	8	59	31	17	23	26	4	49	15	21	0	0	23	11	84	17	25	15	24	36	48	18	8	29	16	34	6	21	14	53	15	7	6	26	26	37	6	16	17	34	25	26	4	3	161	25	8	7	38	2	12	15	26	13	8	25	19	12	15	44	1	30	17	24	79	13	37	22	110	25	3	21	15	18	208	31	39	10	28	31	9	1	4	49	22	8	22	0	16
150	1	6	8	0	159	32	20	3	32	5	172	22	51	14	21	45	96	13	33	5	16	73	1	30	15	39	7	33	7	52	25	22	0	0	31	0	95	4	24	16	31	12	57	20	1	43	18	29	9	31	12	37	17	23	18	33	8	31	12	12	21	13	32	52	16	1	181	13	4	9	27	21	13	21	15	35	10	19	24	15	8	27	1	54	11	25	68	10	40	31	99	8	8	18	28	24	214	30	45	0	30	24	7	1	11	28	32	12	29	0	0
155	17	3	9	17	137	47	12	10	35	10	167	34	31	21	30	48	118	13	35	22	11	74	19	25	26	53	0	34	9	23	32	46	0	0	10	10	79	6	48	0	0	12	51	30	20	52	2	20	20	13	12	24	24	41	16	10	12	26	18	26	30	17	38	62	20	2	191	23	4	10	3	46	24	5	7	42	19	8	8	19	12	22	1	67	25	5	73	28	52	36	77	13	8	20	9	18	185	44	43	5	30	45	18	2	6	44	11	11	45	0	0
186	19	3	1	17	158	55	7	15	38	18	151	52	3	34	9	34	141	11	5	20	11	60	24	43	49	59	24	5	20	21	32	38	4	21	6	10	90	12	25	13	11	16	22	18	38	28	11	3	22	14	7	18	29	50	15	19	19	29	35	20	32	9	9	72	6	11	203	21	6	22	12	51	15	6	10	34	27	16	9	8	16	26	13	48	18	26	44	39	55	13	78	34	7	23	13	3	166	63	58	8	24	62	22	2	4	60	15	18	17	0	18
170	24	6	23	31	148	43	8	15	56	9	130	66	9	18	11	24	132	17	23	1	12	42	29	62	66	42	43	23	15	21	33	15	9	41	9	1	76	21	47	14	9	22	23	17	42	5	12	3	2	39	18	34	1	54	16	6	24	39	40	10	33	14	2	48	17	24	207	7	14	24	14	75	4	3	14	56	9	22	18	11	11	40	8	25	14	41	17	44	57	14	54	27	10	9	28	18	136	73	44	11	23	81	23	6	14	83	16	19	18	0	19
177	10	16	26	10	155	15	34	16	48	11	131	58	21	10	30	39	126	11	43	1	11	31	29	83	43	13	43	42	11	22	13	21	20	45	12	0	74	31	58	19	10	28	28	21	44	12	14	19	12	40	15	46	4	54	18	7	5	20	14	32	8	15	4	23	18	35	214	4	5	32	5	93	12	31	16	64	4	24	24	8	10	55	1	9	14	20	32	38	42	31	48	13	15	21	37	19	104	82	36	10	46	66	31	20	23	76	30	18	19	0	1
180	10	16	6	0	155	22	39	14	56	4	120	72	12	13	34	44	106	19	52	22	15	49	2	88	62	3	48	52	18	2	17	36	15	51	22	2	91	20	67	23	15	23	6	11	63	8	3	15	12	50	9	34	7	74	23	9	4	21	16	25	10	18	7	30	3	9	219	3	4	6	3	95	14	37	6	79	14	1	25	12	5	49	1	21	33	24	40	20	19	31	67	27	32	25	44	10	72	97	44	10	59	61	37	31	36	63	9	10	38	0	1
188	7	7	7	0	166	24	39	3	57	8	132	88	0	11	37	41	78	14	53	23	16	66	2	89	48	9	52	53	20	3	20	14	19	70	20	3	105	26	41	31	20	26	12	11	35	9	30	25	16	54	6	48	5	77	34	11	3	0	21	19	32	27	9	13	4	11	219	13	1	5	6	71	10	40	11	84	8	4	33	5	3	61	1	7	40	10	62	20	8	25	77	25	19	14	58	11	66	114	54	18	34	80	55	28	38	50	8	3	43	0	1
195	12	5	4	0	186	28	26	21	65	7	126	107	22	4	37	38	56	22	65	26	12	66	6	109	38	17	25	63	26	3	1	5	23	79	10	5	93	29	40	37	31	35	19	11	36	3	32	41	14	55	8	67	6	49	42	21	4	9	21	19	21	14	6	25	1	11	219	12	5	12	1	71	8	42	8	86	8	5	38	11	5	43	1	29	12	4	81	19	4	14	85	22	6	16	79	13	108	92	63	25	7	90	76	13	41	35	16	23	50	0	1
170	21	14	18	1	197	6	27	22	82	10	109	102	26	9	28	33	92	13	75	23	12	60	25	121	50	9	36	75	7	0	14	3	24	51	33	24	112	1	29	15	40	28	27	20	8	6	24	50	36	34	14	54	13	43	19	40	5	9	10	20	1	21	27	29	9	0	187	32	29	7	0	91	8	22	8	105	11	23	19	18	23	28	11	49	1	6	59	29	25	24	58	32	8	22	54	14	119	108	55	23	18	101	81	5	8	48	42	23	23	0	22
146	29	12	41	15	171	18	27	6	58	20	113	88	49	14	33	24	107	9	50	10	7	69	37	123	67	14	12	50	12	21	21	3	24	50	31	18	97	10	22	21	32	29	51	24	4	13	10	25	46	12	14	61	18	47	37	25	6	16	12	27	0	1	25	16	19	20	187	19	38	13	1	111	0	22	11	107	5	26	26	5	21	43	14	16	7	29	76	8	29	44	32	14	12	17	62	26	116	122	73	12	15	122	51	8	34	29	32	6	20	0	31
149	24	17	28	16	176	40	17	8	39	17	145	104	36	19	43	29	89	10	51	4	9	79	19	128	74	19	1	51	19	20	43	3	25	52	13	6	115	14	17	23	34	5	32	29	20	22	4	31	22	20	21	71	14	21	29	22	6	28	1	4	19	22	26	15	21	19	156	18	25	21	23	103	9	8	8	110	11	37	11	11	15	25	15	25	12	31	96	15	43	52	9	9	16	18	73	20	106	133	64	13	19	138	37	13	52	21	12	15	27	0	16
155	29	15	12	0	180	31	34	17	52	24	157	91	36	18	60	26	71	24	20	20	11	93	14	133	50	26	0	20	28	43	29	10	13	56	8	5	97	22	42	21	10	8	24	8	42	26	6	30	8	32	24	51	21	41	28	30	5	29	26	3	35	22	44	2	33	8	126	41	31	22	36	89	18	9	0	116	14	26	19	14	15	41	0	28	23	11	102	25	47	30	9	24	1	22	69	12	118	114	73	15	22	160	14	11	73	28	17	13	28	0	3
136	40	14	17	0	187	43	21	27	56	31	149	108	10	32	51	24	86	27	17	22	12	85	28	148	62	5	16	17	10	33	32	22	16	32	24	17	108	2	25	24	29	20	25	24	50	15	10	30	11	17	18	33	26	39	21	19	5	15	30	25	18	6	20	16	45	5	95	47	50	47	12	94	24	11	11	118	14	35	24	8	1	57	0	1	29	21	110	23	49	35	22	20	0	7	78	22	102	131	93	6	22	137	8	8	51	37	23	4	42	0	0
155	20	22	27	0	187	13	27	22	79	8	134	127	6	26	52	49	66	9	19	19	20	63	31	144	71	20	23	19	29	19	36	28	3	39	14	18	123	5	25	13	33	22	4	23	41	17	21	32	6	28	12	47	12	36	28	28	18	18	39	27	10	9	33	17	63	5	105	38	29	59	23	97	23	3	17	90	12	20	10	18	16	45	1	23	42	24	128	29	24	39	25	7	5	19	76	23	128	109	101	0	0	151	20	30	57	30	23	6	47	0	1
148	29	20	23	0	198	20	32	4	90	9	126	111	16	12	73	70	56	11	6	7	15	83	15	120	76	45	15	6	21	14	46	41	3	39	1	7	145	25	1	8	22	27	24	18	17	25	27	4	16	16	8	65	5	34	29	13	21	32	47	33	3	13	40	19	45	14	102	53	23	31	28	103	6	11	19	117	19	21	12	17	15	63	9	23	21	28	111	8	30	28	25	31	26	27	60	19	111	123	125	4	0	168	8	22	67	39	29	24	23	0	23
126	29	15	35	0	202	27	21	20	75	13	132	122	15	8	58	49	80	10	21	1	9	102	14	121	68	29	19	20	26	17	25	21	6	64	10	3	133	32	18	4	14	28	19	20	7	27	40	28	15	16	7	77	12	5	35	23	40	20	25	47	5	15	42	2	54	18	112	74	28	5	21	115	19	24	26	93	31	15	16	2	7	86	14	25	15	6	127	26	7	29	24	43	46	35	48	18	129	104	108	11	18	143	14	20	77	37	34	32	6	0	23
99	32	11	59	16	173	22	25	18	93	17	145	105	23	11	60	66	90	10	28	0	7	117	16	94	46	52	19	28	27	1	44	19	9	76	11	1	119	33	41	5	15	1	9	26	19	15	50	36	28	9	6	55	13	32	43	22	24	12	5	59	21	1	45	11	62	7	101	97	37	8	34	102	30	41	12	92	22	25	30	13	4	71	14	17	18	23	142	20	11	8	42	30	55	55	38	12	145	85	83	14	42	117	14	16	83	29	18	15	24	0	9
115	12	24	39	10	179	53	15	18	78	10	156	103	29	14	70	53	77	18	30	25	10	105	18	113	70	58	16	30	37	5	18	32	4	52	34	17	132	5	49	12	17	10	2	29	23	16	30	18	43	15	2	67	4	35	32	9	51	19	2	67	15	2	46	6	78	3	79	112	31	10	26	103	44	16	12	87	28	27	38	18	2	59	14	35	28	34	119	28	20	9	63	36	59	56	30	7	130	108	73	13	63	100	25	9	85	30	10	10	32	0	0
90	21	23	63	26	152	44	17	26	63	9	167	127	14	20	59	67	97	22	32	38	13	86	27	104	49	81	8	32	40	4	23	11	13	64	17	25	149	3	20	19	40	12	2	0	4	32	46	35	24	22	20	54	15	24	44	30	23	31	25	40	18	24	15	1	86	7	64	122	55	32	26	103	22	25	20	95	15	22	58	11	3	41	14	57	16	17	129	13	16	23	82	11	40	45	37	25	122	115	93	30	72	75	33	9	87	28	16	14	39	0	0
131	16	16	35	26	152	47	18	18	85	4	165	130	18	20	44	81	113	24	52	24	12	103	13	80	61	71	20	50	16	3	31	2	16	72	1	11	154	23	2	9	55	10	3	18	15	18	20	26	30	24	24	70	21	27	24	24	24	38	18	13	32	46	12	4	76	10	106	93	66	40	31	109	31	8	21	96	17	41	40	18	21	26	22	55	24	15	142	29	29	30	66	5	23	24	44	44	111	148	110	35	79	66	20	16	102	27	5	13	22	0	21
129	25	19	19	0	152	79	20	19	93	14	153	146	13	10	50	64	104	12	23	12	19	98	15	96	84	77	11	23	9	25	8	8	36	55	6	17	185	17	2	10	57	16	3	29	12	38	9	15	32	36	18	55	33	46	17	25	6	12	28	32	34	35	16	21	97	9	145	82	47	50	50	89	14	16	20	96	29	31	18	18	32	21	22	70	38	19	149	17	32	19	82	16	23	28	45	30	121	138	82	13	110	84	13	12	90	47	16	2	24	0	18
139	19	17	19	1	162	82	23	12	65	17	162	166	16	13	43	74	120	18	36	27	18	85	33	88	66	69	16	36	9	28	14	7	37	26	13	28	194	16	11	0	28	26	20	32	1	39	16	29	43	13	12	52	38	48	11	42	20	3	10	39	44	40	7	23	95	12	171	62	55	34	60	78	23	18	28	89	43	38	9	30	20	33	5	59	50	28	124	28	40	20	64	25	34	16	66	22	127	125	57	5	106	101	22	5	63	65	32	4	8	0	17
125	23	21	22	0	182	99	7	17	68	14	155	147	24	13	46	54	129	19	43	27	10	69	41	109	54	82	22	43	12	32	24	9	37	25	8	18	204	17	5	3	3	34	29	33	3	19	22	51	16	21	33	32	55	45	18	28	30	21	3	10	67	40	14	20	103	24	163	85	38	12	83	55	29	24	12	111	51	41	12	9	11	44	5	38	56	45	121	13	15	16	74	38	58	24	59	20	151	98	37	14	93	122	40	25	73	51	21	7	14	0	16
113	25	14	32	0	193	108	6	12	53	11	160	128	30	18	67	45	117	14	44	8	15	52	46	132	43	91	15	44	19	9	48	33	6	25	8	8	186	19	20	22	15	32	17	6	12	32	25	43	10	38	32	45	29	57	26	16	33	27	27	14	58	25	9	28	115	12	138	97	57	21	85	22	40	25	2	119	59	16	15	8	3	32	5	58	80	23	125	27	8	19	88	13	33	22	65	18	137	105	55	30	100	115	47	21	59	64	19	6	28	0	0
119	10	18	19	0	198	132	20	4	54	4	161	130	12	26	72	34	106	22	69	8	17	74	18	141	35	71	17	68	7	9	31	31	4	8	20	20	192	19	27	26	17	21	20	16	14	41	28	59	14	47	11	36	34	48	34	25	33	7	29	20	66	11	8	46	105	8	140	82	71	9	58	27	64	6	1	131	28	24	24	12	10	29	14	42	91	45	112	37	23	13	98	24	44	26	63	19	164	89	39	26	91	132	32	10	82	59	17	5	17	0	12
138	7	11	8	0	201	145	26	9	43	5	175	111	21	22	92	34	92	33	85	12	7	61	21	158	49	49	21	85	11	9	18	19	7	23	28	16	170	22	25	6	33	19	9	21	15	44	10	62	31	68	5	57	9	28	11	43	56	6	31	22	46	22	25	20	124	36	146	72	81	4	27	52	56	14	22	108	38	44	33	7	6	19	20	27	94	44	121	25	31	33	79	30	49	29	48	17	179	92	24	10	82	153	34	7	76	78	12	4	12	0	15
157	19	6	3	0	208	151	10	19	46	4	181	87	27	9	89	51	104	41	109	13	9	77	3	134	55	41	42	109	5	9	20	23	1	24	14	5	171	8	33	10	15	27	22	7	17	26	7	35	29	70	7	82	4	32	27	31	76	22	44	6	55	22	14	14	133	37	154	56	89	14	5	59	41	16	42	92	12	56	50	8	5	18	20	16	101	29	129	43	13	17	84	42	18	4	68	34	184	74	33	32	52	162	64	21	54	90	29	4	12	0	4
187	19	10	4	15	184	165	3	16	50	9	170	67	37	12	111	45	83	19	90	15	28	68	10	157	77	23	44	89	13	22	36	8	5	41	9	5	171	24	7	17	38	3	29	11	0	31	17	13	7	82	20	63	12	53	35	14	84	30	15	10	55	15	18	21	109	19	154	71	86	22	23	63	44	30	23	97	30	38	26	23	21	39	4	21	121	18	137	58	10	4	94	24	7	27	65	33	190	51	44	35	28	172	84	25	23	105	39	7	11	0	7
171	27	13	20	29	155	180	19	3	22	11	174	57	38	17	129	38	74	29	108	19	26	65	11	173	95	9	44	108	12	24	12	11	5	18	16	18	142	29	29	9	22	24	43	17	1	34	6	15	10	84	15	76	21	24	43	27	93	18	19	25	26	25	9	8	133	17	166	60	94	33	19	85	21	39	27	112	21	45	37	10	21	52	2	3	121	35	135	33	10	32	71	15	11	39	54	21	199	39	26	20	20	184	104	8	24	90	27	6	23	0	4
177	14	23	26	46	129	157	26	13	42	12	160	72	10	29	138	35	54	39	111	21	8	73	15	179	108	15	44	110	6	27	3	14	4	20	27	18	157	23	24	12	31	20	46	10	4	54	0	3	8	88	5	87	19	28	50	32	64	26	11	18	30	17	13	18	109	21	144	66	115	13	4	89	31	19	19	132	12	26	21	12	23	69	7	3	137	44	122	45	30	27	75	23	25	22	62	28	175	49	29	14	24	188	112	4	26	69	11	12	26	0	15
183	7	14	21	46	129	168	8	20	27	14	166	84	2	22	127	28	75	42	118	6	1	82	24	182	122	10	65	117	10	31	12	4	1	12	30	15	166	41	24	4	6	38	29	13	28	42	11	0	8	68	7	96	11	34	23	33	46	30	14	18	30	27	20	22	89	15	127	71	104	25	17	81	39	12	2	143	23	28	25	14	17	49	9	26	151	27	124	61	32	28	45	6	29	27	79	29	179	41	20	9	20	192	123	6	8	86	22	5	25	0	14
187	20	13	21	32	113	168	5	10	30	18	153	73	14	10	145	45	68	50	99	5	3	102	23	149	105	33	48	99	17	53	20	6	19	23	9	24	140	65	49	2	5	20	20	18	26	57	21	22	6	80	9	90	20	43	23	34	19	15	8	22	33	39	21	24	71	15	105	73	92	12	27	89	43	20	2	166	10	21	16	18	13	61	3	27	156	30	101	41	12	22	70	22	43	25	87	8	156	54	26	11	28	165	132	17	13	104	14	6	31	0	1
194	19	5	22	32	141	168	8	6	3	25	153	74	22	9	160	59	58	61	81	6	6	119	21	129	86	32	53	80	23	77	13	0	12	13	28	22	148	54	59	9	1	48	10	5	22	72	33	38	15	59	14	102	6	22	37	48	24	19	20	27	6	13	27	49	50	16	92	93	82	14	35	101	18	28	28	140	8	26	14	30	18	49	9	17	131	20	121	29	9	49	53	33	13	30	88	16	162	38	30	30	15	168	145	14	17	98	18	34	6	0	23
165	21	11	44	47	154	167	15	3	1	26	162	63	36	4	147	73	71	42	63	9	22	113	39	119	66	51	54	62	8	99	16	2	0	2	39	16	136	63	76	11	5	34	20	23	25	49	42	57	25	34	18	112	6	5	41	32	37	23	27	13	11	24	8	23	64	27	108	78	91	18	27	107	19	31	35	147	11	9	4	35	13	62	1	20	116	26	94	23	13	29	77	56	12	5	94	24	136	53	54	29	17	137	122	18	19	111	30	55	12	0	22
168	1	18	50	35	136	174	9	6	1	1	175	64	26	17	149	64	57	48	84	19	23	112	44	126	56	28	60	83	19	107	29	3	24	8	60	2	142	42	57	9	25	14	31	25	6	54	57	81	15	43	20	89	31	22	12	10	44	37	27	20	9	27	13	1	80	32	130	51	75	25	30	114	24	34	12	152	29	26	14	13	16	48	1	19	122	19	114	20	17	23	91	39	18	26	119	20	140	30	30	15	39	118	101	18	38	98	17	27	31	0	0
173	18	13	39	35	145	157	19	14	22	1	184	61	34	15	138	76	75	23	72	19	23	116	63	106	67	16	63	72	29	124	16	11	19	10	37	14	120	42	78	8	27	8	11	33	17	72	26	93	36	17	21	84	33	33	16	15	21	28	31	18	29	39	4	1	99	15	153	39	90	13	34	90	24	7	13	151	16	29	21	23	9	35	4	27	98	11	133	30	38	19	96	46	17	33	102	12	158	23	38	15	24	119	84	15	59	87	22	21	22	0	17
177	19	4	39	20	132	130	27	13	34	2	196	64	22	12	141	101	50	30	77	7	16	102	73	97	49	27	64	76	8	92	20	35	21	11	41	14	108	42	103	17	31	12	13	46	17	79	33	112	47	24	16	96	5	25	22	11	46	13	6	36	34	42	9	1	119	1	186	17	68	29	49	97	30	23	20	131	9	7	20	29	11	19	10	47	119	17	143	33	42	19	79	25	25	23	113	30	138	37	37	11	39	103	64	12	80	77	12	14	17	0	28
154	36	15	58	31	128	129	11	22	25	7	202	64	27	14	137	112	71	4	89	7	23	89	77	81	30	30	68	88	1	63	33	58	24	14	26	13	98	43	125	13	2	23	30	21	6	98	40	113	54	29	2	79	9	47	36	16	22	21	28	42	24	47	12	1	123	1	165	19	65	36	41	115	49	22	8	143	15	7	13	34	12	30	10	19	128	36	142	41	45	21	68	10	13	27	132	26	154	21	45	20	43	102	44	18	100	63	13	7	10	0	18
162	15	31	64	35	130	107	28	26	17	4	208	81	20	13	141	108	50	14	99	8	21	76	89	104	48	20	70	99	4	64	5	67	23	5	31	13	88	43	139	8	5	31	15	9	14	104	12	94	75	14	10	90	19	50	34	12	24	28	36	17	29	67	13	3	133	0	141	32	83	12	17	122	71	25	0	147	20	12	26	10	11	49	6	19	132	38	142	13	58	18	83	23	35	36	115	16	142	39	33	26	63	97	30	9	99	74	25	2	9	0	9
170	3	27	68	52	113	88	31	11	34	8	198	94	11	15	145	124	39	13	82	6	6	71	100	99	29	12	95	82	12	83	16	36	16	27	40	7	106	26	148	20	10	17	24	11	15	77	18	86	80	8	10	105	10	54	57	14	43	8	44	17	50	42	27	21	138	0	117	42	80	15	35	99	53	36	18	128	9	13	37	6	12	62	1	20	138	38	136	5	64	11	108	31	39	16	121	24	119	51	38	12	76	72	13	13	92	89	32	2	18	0	6
146	6	15	92	39	95	79	31	13	34	15	204	85	33	5	158	109	27	18	64	4	5	66	106	114	53	19	88	63	9	104	24	38	39	26	51	7	124	29	129	31	31	20	28	18	15	68	9	66	58	20	26	86	13	74	48	20	19	9	15	19	30	27	21	23	147	9	99	68	93	17	21	102	63	29	21	147	15	23	45	13	2	47	6	40	111	41	116	14	84	11	112	36	11	18	100	16	91	68	61	25	89	78	17	4	87	109	34	25	16	0	6
128	29	12	103	55	92	61	45	20	31	8	203	92	51	6	146	98	44	12	74	7	8	45	116	140	70	26	65	73	18	106	9	11	31	44	30	12	123	34	151	20	39	25	5	24	17	79	11	66	63	14	25	98	11	43	36	37	22	12	1	5	47	36	42	14	158	11	73	74	80	18	45	87	73	41	24	128	22	40	23	22	22	36	8	58	115	19	137	22	85	16	98	47	10	6	124	15	107	54	68	21	61	117	29	2	95	97	13	28	34	0	4
145	41	9	79	26	98	54	50	23	51	15	182	97	73	3	133	114	59	16	54	28	17	37	129	125	82	47	52	54	15	125	13	12	34	51	13	12	109	35	169	36	42	6	15	10	21	60	11	70	36	22	19	82	21	36	22	55	18	16	13	10	74	13	25	20	185	21	100	58	90	35	52	61	78	42	1	137	41	32	28	23	28	20	6	74	104	27	129	19	89	8	105	22	12	32	103	19	107	72	78	6	36	149	39	4	80	105	31	27	41	0	0
149	26	20	53	0	126	87	28	29	64	10	157	108	95	4	137	134	45	15	60	23	15	23	137	118	90	64	28	60	21	101	25	29	50	32	17	19	99	37	150	47	35	27	22	12	8	76	19	46	14	34	34	97	16	43	42	62	2	2	23	15	52	8	29	23	198	9	140	37	70	20	42	62	76	19	18	146	14	40	46	7	7	28	6	54	90	42	118	25	89	9	114	27	16	27	121	23	148	62	88	6	7	165	63	20	61	121	54	33	48	0	0
132	37	22	42	0	161	86	38	33	47	14	157	121	107	6	127	118	55	15	80	4	8	37	133	125	83	36	45	80	8	104	11	19	55	16	33	33	111	45	130	25	46	39	23	8	16	56	30	68	19	13	16	117	16	20	54	44	3	26	15	18	39	20	26	28	186	11	172	42	78	41	46	35	89	30	15	159	6	44	28	12	20	33	6	41	97	61	116	18	93	15	115	5	20	41	96	19	148	68	106	5	5	170	37	24	79	106	34	20	71	0	0
161	9	28	49	16	153	101	15	31	58	18	138	131	113	5	115	129	69	5	76	4	11	37	138	103	92	28	50	76	16	94	26	26	62	19	40	16	152	42	107	19	64	36	6	14	21	65	13	43	36	9	6	137	16	24	48	21	6	46	6	19	33	25	37	10	189	18	176	51	54	51	66	34	99	36	5	180	17	63	39	5	20	47	0	12	75	83	105	15	94	23	105	5	22	14	103	22	131	81	98	13	24	145	16	16	104	96	43	35	76	0	0
142	19	26	73	32	130	116	12	21	63	6	127	110	119	9	139	153	51	12	89	28	12	24	143	97	101	25	52	89	15	98	26	25	32	9	48	10	163	44	114	44	70	22	11	11	21	67	6	26	18	19	19	149	4	28	59	31	16	49	12	4	40	19	42	17	189	22	181	55	26	55	61	54	89	46	28	167	17	37	45	8	4	37	0	30	68	93	98	8	100	28	97	9	25	1	123	22	135	71	80	16	43	123	16	4	100	110	52	38	87	0	0
148	4	12	80	23	105	131	17	9	39	15	161	126	105	14	133	128	67	15	67	47	12	21	155	107	92	23	59	66	14	100	40	36	49	9	54	7	152	47	98	50	95	3	17	14	5	76	17	44	30	5	18	165	10	3	36	21	20	67	8	3	50	13	44	13	189	8	180	55	9	32	47	75	108	23	19	173	20	31	25	11	22	27	14	49	53	82	122	21	127	29	73	17	23	11	128	8	114	81	105	15	26	127	24	4	108	99	57	40	63	0	21
127	28	17	68	23	108	161	16	11	42	6	156	134	104	9	140	144	62	6	80	19	13	39	128	89	72	24	61	79	19	78	50	28	32	26	40	7	126	68	114	68	72	4	26	18	12	85	18	32	43	9	1	156	18	19	30	26	24	44	9	27	59	0	46	24	160	13	187	55	10	3	18	93	129	28	21	144	32	35	12	17	32	24	24	65	35	75	144	23	99	33	54	22	50	7	155	6	132	59	82	18	23	135	41	23	117	82	63	40	48	0	35
139	25	11	69	16	92	139	27	16	37	9	159	154	104	20	134	122	76	11	86	12	9	55	104	98	92	32	45	85	24	50	57	45	48	18	53	11	97	73	106	77	71	25	38	19	15	62	12	39	24	20	22	167	17	17	23	7	42	34	19	44	33	8	18	8	166	17	193	45	14	18	11	104	113	15	40	124	39	22	14	4	15	32	23	76	47	76	157	24	89	12	55	42	51	2	173	6	164	50	59	11	38	136	47	40	119	73	44	22	66	0	12
158	3	20	77	33	106	144	30	24	40	10	162	151	116	16	147	110	72	9	67	8	6	47	108	117	83	39	33	67	10	74	33	26	31	22	66	14	68	88	125	94	56	30	52	13	22	40	23	60	14	27	34	141	18	29	26	14	63	40	34	24	33	26	0	11	144	24	200	59	16	26	20	106	86	9	66	99	17	9	28	11	11	27	33	87	31	79	154	27	101	7	71	20	27	22	161	9	175	46	64	30	44	147	24	28	111	86	71	29	49	0	19
136	25	25	88	13	136	158	45	21	20	21	168	160	120	11	143	117	85	10	52	25	12	38	113	118	90	45	31	52	10	89	23	34	42	31	41	21	63	92	114	103	78	12	58	8	26	34	14	62	22	39	12	146	0	32	28	14	42	48	20	4	50	35	2	3	150	18	200	72	19	2	19	89	94	22	72	82	13	12	33	34	11	46	5	63	35	91	160	11	107	25	80	27	43	30	140	12	183	58	36	25	66	123	10	11	102	106	56	21	72	0	14
151	31	12	87	12	143	161	22	23	18	14	173	169	125	10	135	110	100	1	57	22	15	48	92	127	101	53	24	54	19	58	33	31	23	50	33	16	106	69	123	100	63	12	39	10	20	53	20	65	21	39	6	146	11	4	10	31	22	57	9	1	53	37	20	11	156	5	200	78	18	1	1	92	108	19	50	102	32	27	14	42	15	29	12	84	17	91	149	21	116	16	99	37	45	30	116	13	202	66	11	12	87	102	12	4	107	95	66	21	55	0	25
164	25	15	83	0	170	170	22	29	25	20	168	162	137	5	133	98	121	1	47	3	6	54	72	139	81	31	24	47	9	80	18	37	32	20	38	22	112	93	115	109	85	1	40	18	21	64	22	57	14	43	13	154	31	6	32	19	30	63	13	0	75	5	21	35	140	7	204	80	24	7	1	67	94	26	34	121	54	30	13	16	13	45	18	60	19	74	163	14	90	12	110	20	22	50	91	9	190	84	26	29	93	80	28	25	115	88	73	20	28	0	38
139	33	20	106	17	163	173	32	9	26	4	171	166	131	16	137	90	104	9	59	22	9	45	99	154	96	45	9	58	16	57	26	21	40	26	47	27	116	96	106	118	82	17	50	9	2	85	12	37	28	22	12	138	46	30	46	20	13	68	22	5	70	14	6	26	158	15	209	70	32	16	9	38	70	14	35	128	66	36	17	7	8	36	22	51	29	72	165	32	82	11	122	10	25	60	70	11	195	88	12	22	105	69	34	39	107	106	61	12	23	0	32
129	32	15	115	16	170	184	17	22	31	4	175	170	118	22	138	77	91	13	30	17	6	54	89	160	97	52	7	29	25	58	33	28	43	26	59	8	112	119	86	94	108	10	21	18	21	94	13	56	36	12	10	121	49	37	47	29	27	42	8	24	90	14	16	41	139	15	211	81	35	19	10	26	83	21	39	122	42	19	36	14	1	55	8	58	27	76	142	41	86	12	116	12	2	67	62	9	183	97	18	22	110	68	11	22	128	108	63	27	26	0	18
138	6	28	120	0	175	158	22	26	41	8	183	148	119	15	145	86	109	8	5	6	5	32	95	154	108	71	3	5	33	68	40	32	54	6	78	23	120	105	64	75	96	10	28	24	26	100	6	51	42	11	3	97	55	59	53	9	31	36	21	33	94	18	37	19	141	23	216	83	5	10	30	23	66	29	38	130	25	29	54	9	1	70	7	34	28	65	144	30	78	17	118	18	13	44	84	21	188	80	12	17	87	112	39	17	117	123	79	17	6	0	19
144	24	21	122	18	161	157	10	17	45	8	186	140	120	11	150	79	89	15	7	23	11	47	80	162	102	78	25	7	33	39	48	54	24	6	71	26	145	81	75	97	103	19	21	7	32	67	15	44	19	12	20	74	60	86	46	15	56	40	35	37	80	13	21	13	143	20	193	92	20	20	37	24	43	16	59	116	34	49	28	14	27	84	3	6	35	86	130	36	63	24	107	25	8	22	95	35	165	94	31	7	91	109	50	33	125	116	55	13	25	0	16
