0	0	0	0	0	0	0	0	0	0	0	0	0	0	0	0	0	0	0	0	0	0	0	0	0	0	0	0	0	0	0	0	0	0	0	0	0	0	0	0	0	0	0	0	0	0	0	0	0	0	0	0	0	0	0	0	0	0	0	0	0	0	0	0	0	0	0	0	0	0	0	0	0	0	0	0	0	0	0	0	0	0	0	0	0	0	0	0	0	0	0	0	0	0	0	0	0	0	0	0	0	0	0	0	0	0	0	0	0	0	0	0
0	0	0	0	0	0	0	0	0	0	0	0	0	0	0	0	0	0	0	0	0	0	0	0	0	0	0	0	0	0	0	0	0	0	0	0	0	0	0	0	0	0	0	0	0	0	0	0	0	0	0	0	0	0	0	0	0	0	0	0	0	0	0	0	0	0	0	0	0	0	0	0	0	0	0	0	0	0	0	0	0	0	0	0	0	0	0	0	0	0	0	0	0	0	0	0	0	0	0	0	0	0	0	0	0	0	0	0	0	0	0	0
0	0	0	5	0	0	0	0	0	0	3	0	4	0	0	0	2	0	1	0	0	0	0	0	0	0	0	0	0	0	0	0	0	0	0	0	0	0	0	0	0	0	0	0	0	0	0	0	0	0	1	0	0	0	6	0	0	0	0	0	0	0	0	0	0	0	0	0	0	0	0	0	0	0	0	0	0	0	0	0	1	0	0	0	4	0	0	3	0	0	0	2	0	0	0	0	0	0	0	5	0	0	0	1	0	0	0	1	0	0	0	0
0	0	4	8	0	0	5	0	0	0	5	0	12	0	0	0	2	0	0	2	1	0	0	0	16	0	0	0	0	0	0	0	0	0	0	9	0	0	0	16	0	0	0	0	0	0	0	0	0	0	0	1	0	1	1	2	3	0	0	0	0	0	0	0	0	4	0	0	0	8	0	0	0	0	0	0	1	0	0	0	6	0	0	0	17	1	2	1	0	0	0	9	0	0	0	11	0	0	0	11	0	0	0	6	0	0	0	0	0	0	0	0
0	0	2	8	0	0	0	0	1	4	2	0	12	0	0	0	26	0	7	0	1	1	0	0	16	0	0	0	0	1	2	0	0	0	0	15	0	0	1	19	1	2	0	0	0	0	0	0	0	0	4	0	0	5	15	3	3	0	0	0	0	0	0	0	0	6	0	0	0	15	0	2	0	0	0	0	2	1	0	0	3	2	0	0	27	1	0	1	0	0	0	22	0	0	0	23	0	0	0	13	0	0	0	9	1	1	0	0	0	0	0	0
0	6	5	32	18	0	15	0	0	4	5	0	25	0	0	0	37	0	9	10	0	4	0	0	16	3	14	0	0	0	1	0	1	0	0	4	5	0	1	4	4	14	0	0	1	0	2	0	0	0	6	0	0	0	18	3	0	2	1	0	0	0	0	0	0	13	0	0	8	30	0	0	0	2	0	0	1	0	0	2	7	1	0	0	33	1	0	19	0	0	0	22	0	0	0	22	6	0	0	23	3	8	0	9	1	1	0	10	0	0	0	0
0	0	8	32	31	0	29	0	0	4	16	0	19	2	7	10	43	0	13	13	4	1	0	5	21	4	16	0	3	2	1	5	0	0	1	5	3	0	10	0	3	9	0	3	1	0	4	0	0	0	11	1	0	2	32	0	0	0	0	0	1	0	0	2	0	2	3	0	13	16	7	9	0	1	0	1	4	0	2	2	5	2	0	0	50	1	0	16	0	0	0	22	0	0	0	15	8	0	0	35	2	6	0	14	0	0	0	6	3	2	0	0
0	0	2	1	8	0	39	0	11	10	11	0	22	8	1	8	11	0	3	15	4	8	0	6	21	23	10	0	13	7	1	5	1	17	6	16	1	0	10	21	1	9	0	1	2	0	4	0	4	0	5	5	0	3	14	6	12	2	0	1	1	0	0	3	1	8	1	0	16	1	13	19	13	1	0	1	1	1	0	2	1	2	0	0	50	1	1	39	0	0	0	16	8	0	0	16	7	0	0	44	1	6	0	21	0	0	0	13	3	2	0	0
0	0	7	25	15	0	54	0	6	10	4	0	32	0	6	2	6	0	3	23	0	8	0	11	39	25	14	3	13	11	6	7	1	12	7	23	3	0	12	48	7	2	0	8	1	1	2	1	1	3	11	2	0	4	31	6	17	0	0	2	1	1	0	2	1	12	0	0	13	5	15	10	13	9	0	1	13	1	0	3	0	0	0	2	50	0	1	34	11	0	0	32	7	0	1	25	4	0	0	57	0	6	0	31	0	0	0	22	1	0	0	0
0	2	15	29	15	0	61	1	0	0	7	0	39	1	1	2	23	0	7	30	2	3	0	11	47	6	15	0	2	6	10	6	4	2	2	25	4	0	19	57	8	7	0	8	8	3	1	2	15	11	14	1	0	1	31	6	16	0	0	0	0	8	1	6	2	9	2	0	1	7	3	11	12	15	1	1	29	1	0	4	1	0	0	1	50	0	1	14	15	0	0	31	13	10	5	35	1	0	0	77	0	6	0	18	8	16	0	22	0	0	0	0
0	2	19	53	16	0	50	6	9	18	8	0	32	4	8	18	25	0	2	32	2	4	0	16	32	14	23	1	14	11	11	0	5	9	6	32	5	0	20	72	3	8	4	0	5	8	0	0	11	6	22	2	0	2	57	3	17	0	0	5	2	3	2	6	1	10	2	0	20	7	7	2	27	14	3	8	29	2	4	6	1	0	0	0	22	5	23	34	16	2	0	16	8	11	11	19	9	0	0	90	2	1	0	19	4	16	0	32	0	0	0	0
0	2	10	64	27	0	61	0	12	20	10	0	27	5	12	23	4	0	6	11	27	1	0	18	39	35	23	2	17	15	12	4	5	4	6	44	3	0	0	80	7	2	5	4	1	2	0	5	0	6	8	6	0	2	73	8	23	0	0	3	3	1	2	2	2	17	0	0	24	27	11	1	27	14	5	6	32	4	1	7	0	1	0	0	22	7	16	54	4	4	13	34	4	3	5	33	8	0	0	95	7	5	0	8	6	29	0	40	0	2	0	0
0	20	5	36	27	0	94	3	1	0	13	0	16	5	8	21	13	0	9	19	23	1	0	22	26	22	50	1	18	5	4	4	8	2	10	20	14	0	0	99	10	0	5	6	9	6	7	7	12	11	7	1	0	5	84	2	2	15	14	3	3	1	2	2	0	32	2	0	3	21	15	9	43	15	5	6	29	13	4	4	0	4	0	0	0	18	27	34	11	4	13	31	4	2	5	40	3	0	0	115	2	6	0	8	3	13	0	19	13	20	0	0
0	29	9	27	0	0	123	2	2	0	12	0	21	13	3	13	12	0	11	33	1	4	0	5	31	29	25	5	39	9	7	0	11	23	16	6	13	0	0	67	9	25	6	6	8	6	7	2	15	5	10	9	0	5	63	5	27	10	16	5	1	4	4	4	4	33	1	0	20	23	17	4	57	2	10	10	37	19	5	5	0	1	0	3	0	4	4	39	20	1	18	14	9	2	7	29	11	0	0	93	10	19	0	11	4	1	0	27	14	16	0	7
0	32	4	21	0	0	106	4	13	17	12	0	10	19	4	11	7	0	14	10	19	9	0	0	33	36	5	7	37	18	13	0	5	20	21	3	5	0	0	94	8	22	6	4	4	9	11	2	2	3	13	4	0	0	65	13	31	0	17	12	0	24	5	7	1	35	3	0	20	24	19	6	38	10	11	10	38	2	3	21	13	0	0	4	22	3	1	66	10	5	27	1	9	2	3	31	14	0	0	93	8	41	0	3	4	8	0	32	6	16	0	3
0	37	11	23	0	0	91	7	23	29	2	0	14	5	15	8	11	0	7	19	21	8	0	11	56	9	5	7	37	23	12	4	12	20	2	3	15	0	22	62	7	50	5	6	4	9	5	4	20	13	0	3	0	3	37	19	53	21	0	13	11	18	8	9	3	14	8	0	20	44	3	2	42	12	14	12	9	9	4	12	18	6	0	3	36	5	2	85	2	6	10	8	29	15	6	57	5	0	0	64	13	44	0	14	1	10	0	14	10	32	0	0
0	37	6	14	0	0	78	6	14	35	4	0	27	4	10	2	8	0	4	24	3	4	0	14	76	14	2	11	8	34	24	13	10	22	7	6	12	0	20	31	8	48	17	20	4	14	6	1	8	6	1	7	0	12	38	29	57	19	2	13	11	30	14	5	2	31	5	0	23	47	6	3	12	1	19	19	27	9	1	15	5	5	0	0	38	2	4	57	5	2	3	33	35	17	7	37	10	0	0	56	14	65	0	21	4	3	0	21	6	34	0	0
0	13	16	16	0	0	87	2	7	19	8	0	19	4	10	13	4	0	3	35	2	3	0	15	93	18	2	12	1	11	29	14	13	22	7	11	5	0	1	9	20	67	12	24	17	23	16	0	8	7	7	1	0	14	28	36	85	5	8	2	13	29	2	1	14	39	2	0	39	69	7	7	1	7	28	8	29	11	3	10	5	11	0	0	5	10	24	57	5	1	2	47	8	23	31	18	18	0	0	36	10	89	0	31	3	1	0	21	0	35	0	0
0	16	21	35	13	0	104	9	2	2	13	0	32	0	9	6	10	0	1	44	2	1	0	2	71	10	21	17	3	11	0	21	21	24	17	19	0	0	18	22	9	45	31	17	20	24	18	14	19	5	17	4	0	1	25	38	88	20	11	0	14	4	9	10	15	18	14	0	24	80	8	0	2	13	30	8	18	12	3	12	5	16	0	10	0	11	28	58	6	2	5	54	3	5	36	26	16	0	0	47	10	74	0	23	6	20	0	9	5	22	0	18
0	5	12	17	9	0	104	9	5	22	7	0	44	9	0	0	9	0	4	44	2	1	0	9	71	4	23	4	8	19	2	31	21	5	4	23	9	0	20	24	26	51	20	15	4	23	20	19	23	9	15	3	0	2	22	42	109	19	13	12	19	0	5	10	19	18	17	0	30	64	10	17	3	2	31	10	23	9	2	14	13	4	0	10	20	12	13	75	15	4	4	74	4	8	9	35	30	0	0	34	8	90	0	18	6	29	0	12	2	27	0	15
0	17	7	20	26	0	120	15	9	20	6	0	22	15	11	13	31	0	11	21	22	9	0	13	67	12	19	21	24	8	2	17	7	8	22	10	9	0	25	23	20	40	20	32	10	27	16	6	7	11	15	5	0	5	23	58	114	4	16	14	21	0	5	9	6	35	14	0	6	76	10	18	2	2	32	5	33	6	2	20	10	9	0	6	21	0	17	64	19	2	6	82	6	4	4	45	28	0	0	48	9	59	0	43	2	7	0	28	7	7	0	19
0	18	7	39	41	0	133	11	5	5	5	0	12	22	20	16	25	0	8	25	20	11	0	23	87	8	23	16	26	11	3	23	5	1	21	26	6	0	13	32	25	13	20	38	12	40	15	9	14	14	7	5	0	9	18	34	103	5	37	2	21	2	0	8	10	17	16	0	0	74	4	20	16	2	13	5	39	9	21	29	7	5	0	3	21	2	1	66	29	24	12	61	18	5	3	64	7	0	0	57	3	40	0	55	0	1	0	32	2	4	0	19
0	23	15	61	54	0	121	11	2	29	12	0	26	15	21	7	32	0	7	35	2	6	0	8	67	7	43	12	28	1	3	25	2	2	5	28	15	0	20	32	1	0	20	49	19	42	4	13	10	15	11	4	0	6	20	39	107	2	18	8	37	9	0	23	20	15	7	0	1	62	11	26	18	13	14	4	39	3	22	33	2	6	0	1	21	4	0	67	9	30	18	86	17	4	5	78	3	0	0	63	4	41	0	38	9	14	0	4	10	24	0	1
0	20	21	37	31	0	151	0	9	23	10	0	16	20	13	22	27	0	17	16	23	10	0	14	83	17	56	13	30	3	1	25	4	14	15	7	25	0	23	51	2	0	25	49	6	18	13	17	5	12	21	8	0	6	37	42	87	29	33	16	41	4	0	23	7	24	11	0	25	54	15	37	38	5	6	9	28	7	24	35	3	4	0	0	0	8	17	56	20	14	23	76	23	4	7	61	7	0	0	68	3	43	0	46	20	22	0	9	6	26	0	0
0	24	24	46	31	0	158	20	6	23	17	0	17	26	6	15	12	0	26	17	29	7	0	22	103	22	39	22	17	8	25	0	5	16	17	15	5	0	18	31	11	18	28	25	15	16	15	25	9	16	15	10	0	12	52	16	88	25	18	7	60	8	1	0	7	16	9	0	27	71	30	19	60	23	10	16	38	9	21	20	3	17	0	9	0	26	22	46	13	16	36	67	8	9	16	66	10	0	0	58	9	70	0	24	17	44	0	14	2	4	0	16
0	28	10	57	3	0	160	22	0	23	23	0	33	14	15	16	12	0	8	23	10	15	0	26	111	18	42	14	20	5	23	1	6	25	6	22	12	0	14	33	22	13	39	32	11	16	11	28	13	3	23	13	0	15	61	17	63	30	36	8	28	14	24	0	0	28	4	0	49	89	15	4	66	32	14	4	61	9	23	27	8	15	0	11	20	26	22	26	11	3	17	74	26	21	19	57	9	0	0	38	10	64	0	44	12	28	0	18	6	5	0	13
0	29	6	72	15	0	137	26	11	21	8	0	50	20	12	16	23	0	12	44	7	10	0	1	116	12	20	17	35	14	8	6	24	14	6	32	9	0	18	34	12	6	50	40	16	16	26	31	14	8	29	3	0	11	67	4	66	27	21	12	17	34	39	6	9	31	3	0	26	64	25	25	58	40	3	4	35	20	35	6	15	17	0	1	14	28	7	31	25	10	21	56	22	23	11	69	21	0	0	33	13	51	0	61	3	5	0	29	2	10	0	1
0	30	3	68	13	0	127	30	13	38	13	0	29	31	10	38	31	0	15	44	2	8	0	19	116	12	23	4	40	16	9	24	24	1	1	43	7	0	8	34	14	10	20	19	16	19	29	44	6	9	11	7	0	11	86	8	72	40	25	16	21	36	43	13	4	39	6	0	50	57	31	39	61	16	8	25	23	30	37	2	16	18	0	0	0	6	17	26	33	5	1	78	21	5	26	48	20	0	0	48	18	57	0	67	4	8	0	38	18	19	0	1
0	25	21	73	13	0	99	34	20	34	21	0	24	32	14	51	50	0	17	50	2	7	0	21	114	12	43	23	15	9	26	33	0	6	20	16	8	0	19	15	24	24	5	24	25	25	14	51	10	2	21	10	0	11	87	10	71	24	14	8	18	58	25	19	28	21	11	0	51	41	40	59	55	25	22	26	14	8	16	20	11	6	0	6	20	26	14	28	14	9	20	68	16	8	34	37	16	0	0	26	25	77	0	76	4	2	0	43	17	4	0	9
0	24	19	77	18	0	68	39	19	35	7	0	36	6	25	40	61	0	23	28	21	16	0	22	100	17	55	21	17	23	12	35	13	15	17	17	6	0	30	15	10	12	25	13	14	40	22	52	16	4	30	4	0	12	76	16	61	32	35	17	22	45	33	17	29	18	12	0	40	51	47	68	31	35	24	28	6	7	6	15	19	13	0	8	34	35	7	28	7	14	19	90	8	6	44	24	12	0	0	47	8	77	0	53	12	20	0	11	8	26	0	9
0	13	16	85	29	0	51	41	21	53	2	0	18	18	30	62	83	0	8	44	17	22	0	14	75	22	54	29	33	30	1	39	22	18	18	6	6	0	38	23	16	21	26	7	14	23	39	41	27	23	17	9	0	6	52	10	79	9	26	22	12	57	27	9	43	18	2	0	51	73	59	69	9	20	7	49	6	7	16	5	24	10	0	3	11	39	20	58	12	19	13	99	13	2	48	11	13	0	0	64	5	45	0	77	12	22	0	4	7	34	0	3
0	11	13	55	8	0	58	64	14	50	11	0	26	26	5	66	71	0	16	19	29	18	0	10	75	34	59	20	41	3	2	24	28	17	24	27	5	0	22	28	29	24	25	14	22	28	23	48	12	13	19	20	0	5	52	17	87	8	29	13	15	39	20	9	25	31	17	0	56	84	65	40	24	38	20	28	7	27	7	3	26	7	0	0	11	21	18	74	11	21	18	82	13	6	53	16	8	0	0	50	11	39	0	69	7	49	0	12	23	39	0	0
0	15	11	78	17	0	73	34	26	32	19	0	17	37	13	66	57	0	19	7	40	8	0	16	79	50	40	32	59	3	2	26	30	25	24	37	0	0	20	7	35	19	42	36	25	28	7	25	21	33	11	7	0	18	44	16	108	11	1	11	36	21	12	13	35	21	15	0	34	66	70	43	29	53	16	12	9	39	6	8	2	12	0	8	11	25	4	93	26	30	3	91	19	8	58	16	4	0	0	43	17	38	0	53	10	68	0	16	21	16	0	20
0	25	17	96	26	0	86	11	30	40	10	0	20	54	9	75	57	0	26	10	9	4	0	12	79	43	45	16	63	9	5	29	31	27	2	44	14	0	27	24	9	16	43	41	25	28	10	27	44	27	19	14	0	18	39	12	91	19	25	11	21	38	27	24	40	18	5	0	41	88	49	45	1	32	12	37	24	39	12	12	6	6	0	9	18	5	11	82	38	34	9	113	20	24	73	20	3	0	0	40	8	57	0	34	12	85	0	28	21	19	0	14
0	25	14	81	12	0	86	31	21	60	5	0	20	68	4	83	47	0	36	10	5	3	0	22	96	40	54	8	65	15	7	4	38	7	10	54	14	0	39	40	25	9	58	25	6	23	16	47	35	34	9	12	0	20	52	20	75	22	41	34	23	17	18	22	24	37	17	0	20	99	53	46	24	9	20	51	43	41	18	5	12	9	0	4	20	5	11	77	16	12	26	103	6	31	86	29	4	0	0	28	9	71	0	43	30	91	0	16	23	10	0	14
0	25	20	91	29	0	103	22	16	34	13	0	28	75	4	95	40	0	47	17	8	2	0	9	99	61	37	11	53	22	25	4	8	14	35	31	4	0	45	36	33	30	64	12	7	26	28	26	17	52	18	4	0	1	57	40	81	19	49	36	1	22	19	28	15	47	29	0	31	81	62	68	22	1	8	58	42	24	26	21	19	3	0	4	22	8	27	63	20	15	17	126	11	34	63	35	16	0	0	26	2	93	0	52	30	92	0	12	8	18	0	9
0	38	17	91	43	0	88	24	14	36	18	0	34	80	5	102	59	0	57	15	5	2	0	7	71	53	61	10	28	32	43	22	4	18	37	24	14	0	21	32	36	39	49	6	4	13	39	40	9	37	25	17	0	5	72	30	56	35	67	41	3	21	20	3	8	57	13	0	56	102	50	76	7	3	8	57	20	34	14	30	9	9	0	4	24	15	16	70	15	18	15	142	22	28	70	20	16	0	0	35	23	99	0	29	10	88	0	32	6	10	0	7
0	19	21	103	29	0	73	29	19	52	8	0	26	89	12	92	74	0	31	19	10	26	0	15	41	26	54	15	50	19	47	27	5	40	16	37	25	0	41	27	9	27	50	28	20	11	48	45	30	44	5	22	0	12	85	9	30	47	55	17	26	26	24	21	22	44	16	0	32	81	59	67	28	23	29	67	5	40	26	37	2	3	0	2	25	12	4	90	19	19	19	124	19	28	83	25	7	0	0	33	24	89	0	26	15	99	0	41	6	13	0	2
0	13	20	72	7	0	72	42	18	45	12	0	47	70	24	81	90	0	15	25	12	32	0	11	15	12	49	16	62	7	49	8	11	29	8	44	20	0	62	50	19	29	51	34	21	10	58	49	43	49	5	5	0	23	95	13	4	50	72	11	25	34	28	21	24	28	13	0	42	99	62	69	27	27	38	70	2	10	23	26	3	19	0	2	26	23	4	112	7	22	31	109	19	5	59	33	21	0	0	46	22	76	0	28	11	107	0	18	10	24	0	9
0	30	13	71	0	0	65	44	22	36	19	0	63	55	32	89	76	0	22	10	16	18	0	3	18	32	59	1	38	16	70	21	16	19	12	21	12	0	70	71	20	32	50	10	28	24	82	26	24	70	15	2	0	15	98	35	10	20	54	17	45	9	38	28	2	53	18	0	27	75	72	56	31	29	46	86	1	1	12	25	9	18	0	4	45	31	8	122	2	23	14	124	22	7	71	32	19	0	0	17	24	98	0	22	7	120	0	13	8	25	0	11
0	34	14	58	0	0	56	51	26	34	14	0	46	61	21	111	67	0	12	12	14	16	0	10	19	45	44	2	54	12	45	34	25	21	12	35	12	0	45	55	14	22	55	28	13	25	95	11	30	60	26	14	0	17	95	27	25	4	60	22	48	11	37	38	5	59	12	0	34	76	50	48	58	49	56	73	20	15	24	30	3	6	0	10	29	13	17	100	9	1	16	107	30	29	49	55	28	0	0	11	9	108	0	27	17	104	0	32	21	11	0	14
0	37	19	74	15	0	42	60	19	38	11	0	24	62	13	114	82	0	6	15	3	19	0	19	3	24	55	6	54	20	21	39	38	1	8	40	8	0	69	79	30	19	63	20	18	8	96	28	20	72	9	14	0	20	99	25	32	4	30	28	73	25	6	18	26	35	10	0	40	90	40	58	45	35	36	87	18	17	39	36	6	3	0	10	14	25	20	120	19	19	24	90	38	44	39	75	36	0	0	6	7	86	0	45	9	104	0	21	22	27	0	12
0	6	27	55	15	0	71	50	27	24	10	0	21	63	8	110	97	0	6	24	0	8	0	29	21	24	57	3	57	7	23	12	27	3	20	54	11	0	63	61	39	23	71	31	30	6	99	13	16	58	17	18	0	4	109	20	37	11	6	11	60	35	23	9	30	23	17	0	21	100	23	36	48	54	52	65	21	36	46	42	18	0	0	10	27	28	13	125	13	22	13	101	53	41	13	85	41	0	0	21	15	73	0	54	1	76	0	27	7	40	0	0
0	3	21	57	15	0	84	37	32	11	10	0	27	65	2	95	112	0	7	34	0	8	0	37	26	2	66	1	57	5	27	24	30	11	21	64	6	0	73	80	41	24	47	39	14	3	103	18	19	66	10	17	0	13	132	11	40	25	7	23	42	43	40	10	8	33	22	0	22	103	30	17	53	40	40	87	3	37	56	50	14	2	0	19	33	33	9	150	23	37	12	115	24	53	24	100	27	0	0	16	10	83	0	32	9	100	0	20	7	18	0	20
0	22	1	29	6	0	86	43	21	21	11	0	11	75	9	84	110	0	13	26	21	11	0	13	33	15	46	3	44	13	24	50	48	16	24	45	14	0	53	88	40	25	35	44	15	0	114	3	18	79	8	3	0	22	147	14	10	30	22	25	46	16	26	14	25	45	15	0	26	86	13	21	54	25	51	77	24	26	62	49	20	21	0	12	21	34	25	137	13	42	16	122	32	70	31	76	12	0	0	24	6	66	0	29	12	114	0	10	5	16	0	27
0	46	11	52	17	0	100	43	19	24	4	0	16	53	23	89	133	0	19	22	27	11	0	6	10	19	62	19	45	19	28	35	57	22	24	22	14	0	74	85	44	46	24	19	24	23	89	12	22	82	10	3	0	34	135	24	17	34	25	28	47	5	14	8	35	24	9	0	40	103	13	20	62	13	55	87	20	21	66	28	27	22	0	0	5	13	24	155	16	15	8	151	38	76	33	75	11	0	0	29	4	67	0	36	28	121	0	15	19	26	0	5
0	59	11	70	32	0	116	28	28	12	8	0	13	58	18	81	147	0	25	11	20	6	0	19	22	9	68	12	48	19	30	21	36	16	46	12	9	0	77	102	57	49	11	9	29	32	111	14	7	55	28	20	0	15	143	21	22	20	11	8	62	25	2	8	13	29	30	0	54	124	16	23	32	19	43	97	21	24	79	10	27	26	0	0	4	13	26	128	26	19	14	167	11	58	20	88	22	0	0	40	26	72	0	43	28	107	0	19	17	36	0	0
0	68	9	88	24	0	132	14	33	11	8	0	20	38	22	90	133	0	33	7	15	3	0	20	25	30	73	23	23	29	18	26	58	37	21	38	19	0	44	89	35	62	9	6	29	35	86	23	8	41	35	25	0	3	115	29	45	14	8	7	67	25	5	30	12	35	30	0	73	102	27	23	57	32	46	97	20	26	54	4	27	15	0	12	4	18	11	132	26	19	27	141	6	60	28	83	25	0	0	28	28	58	0	67	7	100	0	22	12	7	0	19
0	74	13	109	27	0	113	14	28	30	8	0	33	20	30	81	115	0	9	15	12	23	0	41	46	53	53	29	42	10	14	30	64	23	5	52	29	0	43	98	51	67	18	7	46	21	92	19	12	58	10	14	0	0	90	18	61	15	5	4	72	22	9	30	14	24	19	0	51	86	33	42	38	41	21	73	21	40	68	9	32	5	0	14	20	19	10	141	29	42	20	156	8	28	6	105	25	0	0	41	29	67	0	49	13	91	0	18	11	16	0	19
0	51	15	92	8	0	121	19	17	28	12	0	47	21	25	72	96	0	11	35	4	23	0	22	53	75	58	30	20	9	22	43	74	36	9	61	12	0	51	88	26	74	23	10	21	23	69	18	13	37	10	25	0	4	66	29	47	25	21	30	76	20	10	21	25	33	7	0	43	94	54	26	63	31	11	64	23	29	81	17	42	7	0	7	13	4	8	156	37	28	28	133	11	2	9	95	28	0	0	52	43	45	0	69	18	101	0	30	14	12	0	9
0	70	17	107	22	0	122	4	13	18	7	0	55	24	8	61	76	0	9	49	2	4	0	11	57	93	40	50	40	15	14	53	53	15	25	39	13	0	62	105	47	55	30	32	10	23	60	11	2	18	11	42	0	28	68	19	50	21	24	37	50	27	26	21	30	27	3	0	60	114	56	8	86	43	7	64	1	34	93	24	12	9	0	8	1	3	12	176	43	14	30	111	9	3	15	75	17	0	0	55	15	24	0	83	26	104	0	31	13	2	0	9
0	80	13	121	22	0	110	8	20	19	8	0	37	29	14	83	70	0	11	57	2	8	0	16	75	80	37	55	48	8	1	60	29	15	54	41	18	0	41	111	48	28	48	55	16	2	69	29	23	12	21	24	0	34	60	27	40	29	23	43	68	6	23	1	7	41	26	0	39	122	69	9	105	20	7	57	17	24	100	48	8	8	0	7	25	4	12	154	54	20	30	92	15	6	7	81	18	0	0	42	8	44	0	70	13	102	0	22	9	14	0	5
0	89	17	130	23	0	117	20	9	22	6	0	22	33	15	102	82	0	22	66	0	7	0	6	50	87	48	71	53	5	4	39	19	20	45	46	24	0	49	103	21	29	54	70	8	4	58	24	29	13	39	10	0	8	42	10	42	38	27	24	72	1	23	28	13	40	30	0	32	135	70	2	138	26	24	34	22	45	86	56	15	1	0	7	43	22	12	158	61	6	30	56	16	5	10	61	12	0	0	64	11	33	0	79	17	89	0	22	8	18	0	7
0	95	12	143	16	0	102	38	8	23	12	0	18	40	11	111	72	0	19	77	3	12	0	8	69	103	59	57	60	6	5	32	29	31	23	61	41	0	28	85	14	48	31	53	15	20	75	5	34	25	43	5	0	10	18	8	66	21	13	30	64	1	42	40	6	50	10	0	38	116	59	16	157	6	32	21	34	63	61	31	25	16	0	12	59	36	21	143	40	9	51	34	24	15	20	57	16	0	0	38	13	26	0	99	5	74	0	35	7	4	0	15
0	102	8	132	7	0	125	23	21	35	12	0	25	48	5	107	87	0	21	59	21	15	0	29	60	111	50	57	84	7	8	31	34	39	6	67	34	0	30	78	25	63	6	61	19	20	82	1	4	28	18	12	0	14	18	27	55	23	24	4	70	2	14	22	19	56	5	0	48	141	76	18	171	11	53	16	37	43	69	20	34	31	0	3	33	16	26	156	24	18	73	31	16	17	36	52	21	0	0	15	16	45	0	82	10	93	0	40	24	9	0	6
0	122	6	141	15	0	137	21	25	37	11	0	29	52	6	115	74	0	26	43	30	16	0	36	79	133	31	79	108	8	14	23	38	45	7	54	11	0	25	63	33	51	7	51	12	41	68	10	2	29	11	14	0	17	38	30	55	4	31	11	75	26	1	27	28	35	12	0	55	132	54	34	145	21	56	1	62	30	57	29	35	23	0	7	33	17	34	126	18	18	63	38	32	36	26	62	23	0	0	27	11	22	0	80	13	110	0	45	22	3	0	7
0	124	4	135	13	0	153	13	24	13	12	0	30	61	5	115	58	0	27	17	32	17	0	38	100	121	10	101	126	12	18	8	47	18	1	61	9	0	32	85	29	54	3	28	19	60	41	13	25	38	19	3	0	26	21	8	71	4	3	19	95	31	2	29	13	47	23	0	61	142	42	39	150	12	33	12	84	31	82	34	14	9	0	5	23	28	50	101	26	40	71	15	35	33	36	35	21	0	0	46	19	12	0	65	10	118	0	21	14	23	0	4
0	124	7	120	13	0	176	10	16	18	12	0	47	53	23	122	78	0	37	23	28	5	0	21	77	101	32	81	134	7	4	18	22	25	27	72	2	0	57	75	29	44	23	46	28	33	50	33	36	21	32	20	0	29	41	7	43	7	21	2	98	12	9	34	17	27	19	0	77	125	21	25	154	37	45	9	107	36	55	34	12	9	0	5	40	31	60	95	7	51	65	34	50	32	44	33	16	0	0	54	29	18	0	42	13	146	0	30	22	26	0	3
0	96	24	122	14	0	182	7	8	21	6	0	29	58	27	146	66	0	17	29	18	21	0	37	95	95	24	90	145	16	5	11	9	29	37	83	5	0	72	60	17	69	18	26	12	22	54	54	37	27	11	28	0	39	58	18	48	5	21	18	103	9	12	50	21	8	11	0	87	113	14	31	162	44	46	4	114	40	31	7	14	18	0	2	43	38	35	104	33	51	67	41	57	27	49	34	14	0	0	63	25	22	0	29	12	157	0	34	15	32	0	3
0	107	23	148	32	0	182	4	9	3	10	0	25	73	9	157	59	0	27	35	14	21	0	16	103	112	35	86	155	5	3	20	3	32	13	92	24	0	77	61	26	81	9	32	19	27	36	28	33	47	18	9	0	18	70	27	26	25	17	16	120	8	4	54	25	27	7	0	72	90	23	39	163	53	50	6	91	49	5	8	0	24	0	6	42	57	22	110	35	21	70	51	36	12	73	22	6	0	0	66	24	28	0	46	21	139	0	27	13	23	0	22
0	109	6	157	46	0	183	1	5	3	19	0	42	60	13	164	68	0	17	48	8	21	0	12	105	123	13	94	142	9	22	24	4	3	5	100	24	0	80	76	23	92	10	35	24	4	42	17	42	38	26	18	0	6	48	40	43	17	19	16	88	12	28	64	36	39	1	0	61	63	34	41	181	48	56	17	99	27	10	23	6	7	0	6	38	68	18	135	26	29	83	50	8	12	96	17	5	0	0	69	18	29	0	32	20	158	0	27	9	23	0	24
0	111	8	155	46	0	194	15	1	4	22	0	37	77	19	178	54	0	28	30	26	20	0	18	132	120	20	69	127	13	44	11	7	2	3	123	2	0	58	85	13	71	16	50	4	0	47	18	62	23	32	28	0	8	47	25	30	40	43	19	62	20	53	70	11	58	20	0	38	51	43	34	187	61	38	20	91	35	14	28	10	2	0	0	38	47	21	123	34	51	72	72	16	2	71	25	25	0	0	72	10	34	0	25	12	169	0	36	22	28	0	4
0	100	26	162	30	0	167	23	15	15	24	0	39	85	14	183	72	0	18	37	24	19	0	24	141	131	25	62	106	21	38	21	25	23	11	115	8	0	34	64	18	95	12	25	12	20	24	8	35	16	36	23	0	6	50	49	16	55	33	19	66	43	28	43	26	64	27	0	46	72	52	44	166	70	16	21	75	12	20	23	10	17	0	6	38	51	0	144	51	69	58	91	28	10	57	31	36	0	0	91	4	34	0	29	3	171	0	26	20	16	0	17
0	81	34	169	30	0	167	15	24	23	7	0	47	96	19	166	61	0	21	12	24	19	0	26	158	147	32	34	111	21	45	15	22	20	9	125	8	0	35	78	25	64	20	46	10	22	30	9	37	10	49	18	0	14	45	38	18	58	37	7	47	71	18	28	36	76	5	0	63	89	68	51	137	76	12	8	94	29	31	33	1	15	0	7	17	29	13	121	61	66	50	98	18	14	68	24	20	0	0	98	3	6	0	52	7	153	0	41	22	20	0	17
0	82	21	192	1	0	140	19	22	20	9	0	41	105	10	180	82	0	26	17	22	10	0	4	146	132	24	49	127	20	45	20	24	38	12	149	8	0	11	58	33	57	30	59	14	22	8	20	18	8	56	12	0	22	65	59	18	74	16	7	37	91	34	32	12	85	24	0	69	68	72	81	118	85	17	10	76	18	13	20	6	19	0	1	18	47	6	137	38	59	75	95	16	16	76	21	8	0	0	86	11	27	0	58	11	155	0	20	25	42	0	3
0	102	10	210	13	0	110	26	13	43	7	0	53	108	1	180	78	0	33	13	9	4	0	1	149	155	20	55	135	25	21	30	43	38	13	127	8	0	6	35	40	43	39	48	21	25	10	21	17	16	68	2	0	7	70	63	11	77	15	11	17	110	32	38	10	107	25	0	45	51	52	100	94	90	2	0	95	10	8	21	7	19	0	11	18	56	8	110	49	73	78	93	17	16	60	39	25	0	0	98	13	25	0	46	14	147	0	23	7	29	0	13
0	94	14	206	12	0	116	19	14	52	15	0	68	117	14	182	85	0	15	13	9	21	0	4	148	137	22	30	113	35	39	15	51	8	0	136	9	0	8	50	34	26	58	43	9	43	21	23	35	12	73	11	0	5	48	44	26	48	24	17	23	88	43	55	16	128	8	0	32	26	33	89	96	114	7	3	98	10	25	20	11	12	0	15	25	30	14	131	53	62	71	113	22	33	65	42	27	0	0	104	5	28	0	57	12	149	0	33	25	19	0	17
0	94	10	203	12	0	124	12	14	26	19	0	87	134	9	164	99	0	19	13	13	17	0	8	149	114	34	18	120	17	15	36	45	10	18	142	2	0	17	50	40	27	36	54	28	17	40	39	50	14	76	13	0	7	20	53	43	41	31	16	7	105	31	64	29	111	12	0	40	19	45	100	95	91	15	22	86	11	15	30	12	10	0	2	30	11	18	119	66	62	72	91	11	25	47	52	30	0	0	104	9	34	0	53	9	163	0	41	38	24	0	8
0	76	19	207	17	0	107	24	14	42	11	0	97	140	3	155	92	0	24	18	10	2	0	9	163	96	39	13	125	24	22	29	50	19	14	153	5	0	23	43	51	39	40	38	36	17	51	49	45	13	80	7	0	11	20	41	19	60	24	13	22	84	10	42	30	121	20	0	51	33	28	79	114	114	28	25	86	18	40	15	13	17	0	13	1	15	43	102	42	68	93	83	19	26	33	58	34	0	0	107	15	42	0	48	4	175	0	12	31	22	0	14
0	74	20	176	8	0	113	32	21	57	2	0	106	146	3	159	109	0	11	25	12	12	0	4	157	103	40	4	128	32	3	37	62	26	4	163	10	0	29	25	57	35	40	36	44	28	55	25	28	21	91	13	0	18	35	35	11	74	30	7	20	93	12	17	15	128	21	0	70	47	45	59	131	136	14	26	70	27	43	20	7	17	0	6	2	26	25	109	58	87	93	78	17	25	42	45	14	0	0	124	17	44	0	50	3	156	0	17	10	30	0	5
0	98	6	168	0	0	126	7	23	34	10	0	120	149	1	166	123	0	17	33	6	9	0	5	139	114	57	7	96	15	23	61	62	7	6	147	6	0	24	34	77	40	28	47	58	19	55	17	35	29	99	9	0	24	42	23	12	84	11	8	39	65	17	20	19	122	18	0	60	30	21	46	142	161	10	3	75	42	56	9	12	14	0	0	1	6	2	117	75	84	69	96	33	23	50	28	11	0	0	140	21	48	0	58	6	137	0	30	20	33	0	0
0	100	0	168	14	0	95	9	24	57	15	0	133	160	2	152	137	0	21	12	20	7	0	4	113	98	43	9	89	12	36	70	65	7	2	151	5	0	44	17	58	58	34	50	64	16	66	23	30	21	106	16	0	26	66	24	21	64	13	7	45	47	25	23	26	116	16	0	46	40	15	26	163	179	6	3	92	43	48	10	12	13	0	12	1	15	9	119	83	88	71	77	42	28	58	28	10	0	0	146	16	19	0	60	6	149	0	33	14	5	0	20
0	119	0	143	9	0	99	18	11	71	20	0	151	149	16	132	121	0	10	13	22	14	0	15	116	94	24	27	80	15	33	85	83	3	4	138	9	0	48	23	65	58	35	54	69	16	60	33	42	27	94	21	0	35	83	21	22	37	13	2	48	33	11	28	40	108	8	0	26	22	24	43	162	186	13	1	92	44	21	14	7	5	0	13	19	35	15	125	54	98	93	73	16	36	49	46	29	0	0	120	9	42	0	60	4	130	0	57	3	3	0	19
0	135	0	149	15	0	113	14	12	72	10	0	150	161	18	116	141	0	10	18	4	14	0	14	81	103	47	19	85	25	23	88	91	7	8	118	17	0	56	29	37	33	45	53	75	18	67	14	48	26	117	21	0	8	58	34	20	37	18	6	25	42	29	45	51	81	10	0	51	7	14	55	156	159	25	19	96	15	9	25	17	10	0	2	21	48	10	133	33	109	108	76	22	49	51	25	29	0	0	119	13	55	0	57	3	113	0	47	10	18	0	1
0	146	3	146	15	0	129	23	17	52	15	0	167	165	4	120	152	0	11	26	3	8	0	24	61	81	61	8	58	20	45	83	71	14	26	91	10	0	73	31	40	33	34	63	82	17	79	20	73	34	91	25	0	1	34	22	39	39	22	7	30	23	29	17	60	55	17	0	60	15	32	67	146	137	9	41	86	22	21	26	25	9	0	2	25	54	24	115	41	124	89	81	26	53	64	12	10	0	0	123	12	34	0	56	7	137	0	34	12	38	0	1
0	122	24	119	1	0	130	29	17	70	15	0	167	163	6	123	169	0	20	31	2	6	0	28	38	65	51	27	55	25	32	100	93	25	20	101	12	0	67	6	51	51	23	37	62	32	53	33	55	14	97	21	0	10	57	41	26	57	40	23	39	15	17	5	53	75	24	0	40	26	25	74	137	143	6	43	64	10	29	19	36	16	0	2	35	22	14	118	54	114	72	88	38	60	38	20	26	0	0	105	16	31	0	74	18	106	0	62	22	49	0	0
0	105	31	108	0	0	123	53	17	80	3	0	171	150	10	134	186	0	26	14	20	8	0	15	21	75	67	24	60	16	36	83	100	8	3	105	13	0	82	9	62	56	14	41	50	19	78	21	39	22	100	18	0	8	58	62	30	32	45	39	46	7	9	6	64	77	18	0	17	33	25	75	135	149	4	14	90	27	32	12	44	20	0	2	30	6	29	98	59	118	72	75	18	73	28	36	26	0	0	77	11	39	0	60	12	101	0	78	34	54	0	0
0	119	14	130	14	0	125	35	24	89	7	0	148	157	13	155	166	0	32	15	23	8	0	38	43	95	53	47	82	16	9	90	115	8	3	98	15	0	76	12	67	59	10	14	43	37	56	16	44	29	73	10	0	10	60	74	22	50	63	53	19	9	30	8	66	60	12	0	19	8	32	85	141	129	13	35	72	26	36	7	46	14	0	7	16	10	18	118	45	102	70	92	16	77	38	23	21	0	0	69	12	59	0	72	20	113	0	56	24	40	0	24
0	103	16	135	28	0	126	12	38	96	2	0	151	134	20	166	143	0	6	27	12	17	0	38	53	86	36	68	96	21	3	92	120	4	1	105	6	0	87	33	46	60	11	6	48	44	47	25	65	43	50	10	0	34	54	80	43	31	38	62	41	7	32	28	43	67	27	0	24	6	33	65	149	117	21	42	77	12	13	23	25	9	0	16	40	24	17	124	20	111	77	106	14	79	44	16	10	0	0	55	11	80	0	53	17	109	0	79	9	20	0	33
0	111	15	157	45	0	143	1	25	99	0	0	155	116	36	172	147	0	7	19	22	15	0	46	42	73	57	67	108	21	0	99	93	14	21	110	10	0	65	24	54	44	13	22	48	48	30	31	52	25	58	19	0	41	74	75	19	39	30	73	55	11	2	28	43	73	28	0	17	10	35	52	154	101	30	42	93	25	29	27	21	11	0	16	58	24	19	104	15	116	71	112	16	60	52	16	6	0	0	78	21	58	0	45	12	103	0	96	6	21	0	6
